0000008
0000022
0000050
0000064
0000066
0000130
0000138
0000142
0000155
0000160
0000163
0000212
0000230
0000280
0000288
0000331
0000343
0000370
0000407
0000436
0000455
0000482
0000491
0000492
0000501
0000502
0000504
0000514
0000518
0000565
0000593
0000648
0000684
0000692
0000704
0000713
0000718
0000734
0000744
0000745
0000765
0000766
0000787
0000790
0000795
0000799
0000812
0000815
0000822
0000854
0000858
0000938
0000962
0000973
0000974
0000979
0000987
0000995
0001009
0001012
0001028
0001072
0001081
0001172
0001251
0001263
0001276
0001300
0001482
0001500
0001522
0001560
0001621
0001638
0001639
0001643
0001649
0001679
0001695
0001744
0001780
0001800
0001888
0001920
0001993
0002019
0002020
0002034
0002035
0002062
0002067
0002099
0002134
0002169
0002172
0002173
0002176
0002231
0002232
0002234
0002250
0002297
0002304
0002345
0002359
0002374
0002558
0002576
0002584
0002591
0002624
0002637
0002639
0002647
0002652
0002664
0002665
0002716
0002783
0002789
0002813
0002890
0002895
0002921
0003003
0003026
0003109
0003141
0003198
0003207
0003241
0003368
0003487
0003549
0003552
0003565
0003797
0003808
0004328
0004349
0004386
0004482
0004756
0004963
0005227
0005344
0005622
0005815
0005922
0005948
0005952
0006499
0006693
0006710
0006722
0006747
0006919
0007201
0007400
0008046
0008049
0008058
0008070
0008187
0008256
0008386
0008736
0008776
0009124
0009125
0009144
0009553
0009815
0009826
0009888
0010174
0010460
0010461
0010524
0010549
0010614
0010622
0010696
0010784
0010785
0010786
0010866
0010874
0010927
0010996
0011122
0011124
0011304
0011331
0011357
0011360
0011361
0011362
0011389
0011443
0011458
0011495
0011603
0011751
0011805
0011840
0011844
0011927
0011949
0012113
0012316
0012332
0012397
0012432
0012452
0012471
0012722
0012768
0012795
0020045
0025132
0025142
0025323
0025354
0025388
0025439
0030126
0030141
0030160
0030236
0030257
0030434
0030553
0030669
0030810
0030829
0030830
0030877
0030878
0031030
0031434
0031650
0031652
0031983
0032101
0032312
0040068
0040228
0040275
0045010
0100037
0100242
0100273
0100308
0100527
0100539
0100547
0100552
0100571
0100579
0100580
0100608
0100641
0100689
0100692
0100785
0100807
0100812
0100871
0200013
0200026
0410035
